18.09562304030201, 84.11931007986286
18.110621213788008, 84.23152862834698
18.141691546465854, 84.5252313067175
18.142522666184757, 84.40170259369776
29.73983220699039, 17.221169071612835
29.801604357599288, 17.133790264934703
29.80854220278529, 17.121356660301217
29.819312181416674, 17.1211761967151
29.8283274801776, 17.091722914885885
29.83746365664628, 17.15437257880527
35.042903418774294, 54.61637356963467
35.05626488696661, 54.320682443958546
35.05868242638484, 54.229906483323646
35.0729393982688, 54.4908209912934
35.11048487211711, 54.44648557330447
35.11118785091954, 54.35775966566568
35.117687115293805, 54.19162608341078
35.123374123090535, 54.33756012132171
35.13237291803863, 54.41553303269474
35.135488446988376, 54.39921286863376
35.14373618271579, 54.83314638653244
35.14508489103494, 54.260629582588216
36.66334139728904, 19.690504360751277
36.69454928669933, 19.63144652072139
36.759206692520074, 19.581148177032915
36.76093638177236, 19.588451444740972
42.619589824783176, 100.0
42.643013240621755, 99.86238554714787
42.706872543399996, 99.49678115151897
46.59156087075917, 1.870094784622167
46.61080293258717, 1.8762109365857034
46.662297681180476, 1.8577882833328325
46.67213533209242, 1.8241983486167945
46.699664116928524, 1.8314888077247822
46.71162889974438, 1.8709061450239832
46.72242886718001, 1.8677612113515576
46.73119057509839, 1.9062952741361836
46.739497387956355, 1.8718220120318876
46.75066311736115, 1.774420691467366
46.75172899479488, 1.825363195049604
46.75252020604145, 1.8562804488771594
52.80301819017957, 2.689068122544606
52.81730392113119, 2.6950279577733673
52.837464102873355, 2.696893066427363
52.85304200863603, 2.6857544583795603
52.882938863788674, 2.6794895148467033
52.92967970395913, 2.6697126112994045
52.93703244074665, 2.662522122844937
52.94676643955254, 2.6650098022309368
52.94999590235971, 2.662150742517326
52.9636186799935, 2.6559079567800867
52.965799751689296, 2.64451624924662
52.968393193999546, 2.6633480551241453
56.2992608966017, 8.015573210844641
56.30044402174992, 18.670602846464202
56.31662538349054, 18.621391391478042
56.32842003314454, 18.575658188434772
56.3458397276812, 18.600322797388866
56.34966183488447, 7.974056290516844
56.37624245163532, 18.72269542250276
56.386502951911694, 18.640007063181226
56.403883156954684, 18.61941713099983
56.4160042514527, 18.661805745644322
56.430230305277334, 18.467886982203087
56.45410726918074, 7.8678169091461925
56.456901784606295, 7.867400031318212
56.45798559663894, 18.5427230276912
56.45819194801859, 18.490580472549635
56.45953804669605, 18.407547559621552
61.76120155240336, 59.65952644765329
61.900372356478286, 59.171115570763796
61.91600819507457, 59.11876384356701
61.94028255870383, 59.00570339119199
61.96060397013918, 58.96987998470847
61.98119962550331, 58.75727907899988
64.9294783510587, 1.9172021822405778
64.94670566674564, 1.9142627498411096
64.94977132554959, 1.9046730558504863
64.96756702788153, 1.8945797895071101
65.00813452704541, 1.8930261493983536
65.03267344905034, 1.9001435891828813
65.05268945198829, 1.9051863927200172
65.08064381461917, 1.8802533020972072
65.083145316237, 1.8902903929042574
65.0840369577454, 1.8972702592638104
65.09135611196206, 1.854504217010505
65.10681341981523, 1.9261985334218639
65.1114058991637, 1.936325137696474
65.13398635654674, 1.8393089142551828
65.13769609970397, 1.8752696616495907
65.13825379720905, 1.8888858617090316
65.14020262437253, 1.8894647775017746
65.14224921045576, 1.8707199762985385
65.14358603042888, 1.8635743661090522
65.14415467673517, 1.885320807808345
65.15459637207177, 1.8510096921095949
65.1605237136297, 1.8447781913101946
65.16087264429959, 1.878419434347051
65.1721155855618, 1.8674987240177972
65.97212112856946, 0.024386327275138498
66.01293465578219, 0.025428712259968008
66.05110850919843, 0.024082664798394104
66.0629942403287, 0.024346073784613603
66.11115432785127, 0.02526285056979902
66.12529860383114, 0.024521239521024765
66.17872091116338, 0.026185119643102012
66.1883320026431, 0.026114409058376954
66.19570250720744, 0.026609680187990353
66.20361070057191, 0.029101443988446014
66.20587336085889, 0.027131651243470303
66.21210011576134, 0.025903114100840004
70.07043883443112, 0.9456396098824694
70.10418473921084, 0.9456667760997404
70.14527613575777, 0.9323293863639358
70.1733521227432, 0.9404405279663843
70.18157136904603, 0.9406671126258364
70.21294131927121, 0.9311774436436684
70.22514317931359, 0.9209880103019753
70.2588562357944, 0.9180521123526254
70.27100391428493, 0.9395488822935358
70.27356769130925, 0.9287393155725336
70.29905775829687, 0.9222975297581796
70.30491955757348, 0.9350642572554564
73.0539617899885, 5.598417827657312
73.06973377692127, 5.630761919532624
73.11160409482281, 5.630784596681111
73.12899383945445, 5.576540838750147
73.14608980683057, 5.581317637494176
73.21911845996397, 5.543896266076164
73.26712662970709, 5.543018773506684
73.27848274204824, 5.57764016646954
73.28044897229685, 5.546769170268227
73.29455585007479, 5.443933317234117
73.29828891316161, 5.529890314287946
73.29860870603412, 5.525503295150905
74.04458457194468, 3.874767736451001
74.0765050049761, 3.8632050041785146
74.08228107712826, 3.8809963381735395
74.11634803435457, 3.8720224189177057
74.20609294748002, 3.8827846187818476
74.20777369522794, 3.832121033049969
74.22331347568306, 3.886625455199643
74.23691222503915, 3.8824139467021
74.25843216522983, 3.866275260878394
74.26588330635806, 3.8331370064124304
74.28561016428303, 3.854756921801818
74.28883619427697, 3.847750832590738
77.95783947635296, 11.123585297976804
78.03407216060926, 11.080781512867166
78.19212223770312, 10.968887029834933
78.19635235509182, 10.975127823160312
80.76853308646324, 1.726730729160568
80.79213983323358, 1.7353924726141448
80.85773224426117, 0.3576084130579387
80.8758267007178, 0.346949062091563
80.90514757944902, 0.3520313575246951
80.9248120606632, 0.3542163605995658
80.934828730284, 1.7148050842645213
80.94618575768297, 0.36084183705388523
80.9563046847804, 1.7008004503146414
80.95929475528605, 0.35499690991768584
80.99332738356595, 0.3568633884058137
81.00299116167254, 1.7142667905417945
81.00853075035059, 0.3651095680788299
81.00867079150144, 1.7334655752161472
81.02883238247594, 1.745738062417893
81.02970298220822, 1.7185541695311117
81.05192141876206, 1.7390654376778834
81.06677786032753, 0.36186635854278304
81.07993943577071, 1.7225667493621706
81.08666411108021, 1.7325016078861348
81.08797387473271, 1.7465892305159374
81.09464620707064, 0.3701916201627468
81.09647983482832, 0.3538963835250722
81.09979942692051, 0.3657769123355422
85.53003490093998, 0.7622748929418649
85.54940619306625, 0.7601248904960526
85.57626003284426, 0.7575504990723071
85.59666833678156, 0.7577986717098255
85.62232511462388, 0.7575595969827266
85.6520693134752, 0.7522216199287333
85.69502909620988, 0.7531104344678639
85.71586286670495, 0.757312427192057
85.72623716831968, 0.7482872428224664
85.72892261915776, 0.75524086524142
85.78797741431195, 0.7594780989585234
85.79842280177807, 0.7478498173070386
85.81190979453196, 0.7565248871190507
85.81563932910142, 0.7677734970860403
85.82120867253518, 0.7661621546243197
85.84161568692008, 0.7592946190587269
85.84272882447259, 0.7547854777599601
85.84836624306249, 0.7507610332197188
85.8499877975399, 0.7619087945215077
85.85717242700358, 0.7583163565422524
85.85890331665638, 0.7491333171087613
85.86609387569133, 0.7576366741759389
85.87084300822048, 0.7580574958894349
85.88269322896646, 0.7528620990581153
88.38137284946856, 4.331578574430301
88.38374672887443, 2.2577107352727657
88.40653986913227, 2.2466198569968387
88.42290476460467, 2.2526390071246802
88.44673301374112, 2.2537081849096015
88.45130490226418, 4.33313261312323
88.47431957527411, 4.315547686721594
88.47489975975674, 2.2333743931462973
88.48889490844508, 4.339069882410736
88.52017871259662, 2.2306879755894853
88.52851325324897, 2.229820970746396
88.5662634123093, 4.33034126344636
88.56719034987727, 2.241478930447422
88.57845077001886, 2.231062855825124
88.58342683497352, 4.296615003528348
88.60603989489154, 2.244861774034372
88.61169085130369, 2.2554342414964914
88.64216144543802, 2.25432174900243
88.64585708223335, 2.227184803071
88.64828371035617, 2.227223430061649
88.65388607382428, 2.1968756305925337
88.6567523341289, 2.240134218283833
88.6842339609228, 2.1972223767775976
88.69316826303526, 4.301518476060881
88.69485139854864, 2.2251652773557016
88.69577054379462, 2.2378610281599696
88.70008068157979, 2.250653979015859
88.70385938931365, 4.271879671066583
88.70561189542612, 2.225329877863251
88.71129889656888, 4.2925030737666106
88.71535797451854, 2.253533137263545
88.71763967399414, 4.365745547865761
88.72152249064466, 4.310965447850647
88.72477732591364, 2.2353628045407725
88.73234409371895, 4.297177425356226
88.73633530213793, 2.2288759770412194
