18.325366199341197, 32.343937284482664
18.34074978341153, 32.493844433797626
18.372617877626062, 32.81833414815057
18.3734704627017, 32.71749068469237
30.122747781867055, 57.084981301311494
30.1861437358212, 56.77475517663601
30.193263711906756, 56.73586444388688
30.204316662457675, 56.704381530448956
30.213568947919217, 56.634616901139445
30.22294483264782, 56.70227866842347
35.498509226479996, 99.78701403189734
35.512226967911744, 99.31658181977795
35.51470899384803, 99.22554602471259
35.529346206509956, 99.59398260667726
35.56789249785467, 99.46151623646277
35.568614340551704, 99.2608818687014
35.57528657672326, 99.08703945185171
35.5811251486249, 99.30983820723357
35.590363916091604, 99.35482001885615
35.59356261397317, 99.30064772576064
35.60202996863549, 100.0
35.60341482647777, 99.14896219982658
37.14162509709688, 26.192475378901133
37.17366929707082, 26.08060403093163
37.24005832095368, 25.957669901957157
37.241834600807195, 25.99009716037386
43.18320358542536, 84.7771220926312
43.20726751222722, 84.65222269740599
43.27287283546623, 84.31896037197356
47.21296114696275, 0.38344398228107146
47.23273805624962, 0.38981915913672616
47.2856639412149, 0.37963073631113853
47.29577479766508, 0.3633840759545277
47.32406855422161, 0.36935523653979385
47.33636594287195, 0.389527408118805
47.34746591510062, 0.3901170321802981
47.356470713827804, 0.4104841353533144
47.36500832616582, 0.39273807023399815
47.37648412597481, 0.34550149963960103
47.37757978092874, 0.3679715171778702
47.378393264978044, 0.3847117864443848
53.520033470117184, 9.62733039858716
53.53472753507221, 9.631501532185721
53.55546413197152, 9.627184949323892
53.57148750372373, 9.604435888531652
53.60223903377579, 9.584245318275974
53.65031614003747, 9.552517612256308
53.65787886828781, 9.538261578701682
53.66789083873057, 9.53879233297669
53.67121260929771, 9.533344872437867
53.68522513104414, 9.518650597860095
53.687468377506626, 9.500155964241126
53.6901363629121, 9.528855041486956
57.07250147979159, 17.446264586637902
57.07371897036102, 29.209076479502553
57.090371301133786, 29.128202758126125
57.10250928454078, 29.079438999930094
57.12043619619984, 29.08425972200625
57.12436967895122, 17.37793914473595
57.15172382277263, 29.250790619181643
57.16228288478772, 29.136604443036624
57.18016904110678, 29.09190270933816
57.192643157480454, 29.169138822243024
57.20728359012068, 28.91093664116465
57.23185513768495, 17.185597789177482
57.23473144540127, 17.176730018377704
57.23584675211571, 28.96686471441422
57.23605927958124, 28.92967184034372
57.237444640674184, 28.785691950678533
62.625219079125046, 90.44831722095891
62.76857327987456, 89.70954641406732
62.784678831047515, 89.62865430752859
62.809683063851956, 89.47168199970379
62.830615852605774, 89.40105370585468
62.85183019519379, 89.14806269573596
65.84894704128241, 0.7437051522039384
65.86670277090562, 0.7423474436655071
65.86986249499117, 0.7328798731852789
65.88820417399386, 0.7265177807401403
65.93001631068458, 0.7297974980850854
65.95530791810219, 0.7353542468662623
65.97593818739468, 0.7372244896965732
66.00475070715821, 0.7210745239504001
66.00732885797787, 0.7273686899521803
66.00824802523455, 0.7355780688976624
66.01579158818389, 0.70715426094115
66.03172297610338, 0.7510631188962783
66.0364564455072, 0.7592415578806797
66.05973036528867, 0.697213639516477
66.06355418920417, 0.7176210937287782
66.06412849108531, 0.7297715014783995
66.06613749157646, 0.7298701637823075
66.06824637606557, 0.7157273874065486
66.06962447316504, 0.7103485299799202
66.07021104097066, 0.7280621424486391
66.08097255897538, 0.7023598620846583
66.08708213307487, 0.6989084421156385
66.08744168739412, 0.7241995771203499
66.09903031572783, 0.7140304380748992
66.91033970625249, 0.00903029899834092
66.95241418582759, 0.010163406640041277
66.99176759231811, 0.008831791708028463
67.00402043629472, 0.008860814318632736
67.05366898783257, 0.009774769339625598
67.06825062555662, 0.009504123500715637
67.12332426440312, 0.010803355903044196
67.1332319642726, 0.011092583259142943
67.14083036743979, 0.011195528026590896
67.14898292418476, 0.012469296452468902
67.15131589905667, 0.010989508780990458
67.15773550529067, 0.010504706466892819
71.08471873634895, 3.6281063545993795
71.11953847681954, 3.624878978045878
71.16193767539932, 3.5992451098382587
71.19090717495679, 3.6096149125304287
71.19938805807601, 3.6092262632163434
71.23175709149771, 3.5908409847138336
71.2443471390588, 3.5729534817876214
71.27913383983902, 3.5649953165982895
71.29166901914473, 3.5988297914701053
71.29431419712958, 3.581216017815419
71.32061625191453, 3.568368557011399
71.32666504669113, 3.5883406983323716
74.1258382392219, 9.889584226027134
74.14212388492375, 9.936978062414896
74.18535846673453, 9.925083473871783
74.20331502872837, 9.844408896630066
74.22096808746055, 9.861159939845757
74.29637755853872, 9.794950478785031
74.3459511217862, 9.77989489404625
74.35767715710777, 9.824305614656629
74.35970751030132, 9.778305913596553
74.37427473650432, 9.629458421188817
74.37812994651736, 9.760714682418623
74.37846044727891, 9.752464686428386
75.13618027422385, 4.767426807900031
75.16914894918509, 4.75164840929394
75.17511479664388, 4.778705056939343
75.21030111750578, 4.772778739254716
75.3029953027303, 4.777862536225683
75.30473161003336, 4.715354233405195
75.3207816806558, 4.782518712583817
75.33482754854785, 4.7835828506379965
75.35705552259607, 4.755042791753004
75.36475205838076, 4.719410601937835
75.38512734914816, 4.7586402621392905
75.38846000121251, 4.747876044181601
79.12995924872021, 9.389756186323384
79.20878344294908, 9.353847679361225
79.37221037951082, 9.260763076339392
79.37658518642463, 9.265770943744041
82.00025338467655, 0.7902059840719567
82.02468418188641, 0.7995464005872649
82.09256688161904, 0.0868212887779579
82.11129333003309, 0.0806723704369273
82.14163867632084, 0.08417996236001549
82.16199053821244, 0.08446125559865895
82.1723575828852, 0.7839165807127766
82.18411115218868, 0.08855110521872206
82.19458387399902, 0.7734333144904
82.19767828875855, 0.08544563662374224
82.23290093161721, 0.08603794829504186
82.24290297254666, 0.7859548580663017
82.24863621606613, 0.09165627736449954
82.24878157286336, 0.802851998381729
82.26964780859085, 0.8131869662746274
82.27054958135942, 0.7897052616861129
82.2935447183443, 0.8081485802184941
82.30892158229271, 0.09032477104215617
82.32254385702872, 0.7949954337870554
82.32950299271951, 0.8052156378655708
82.33085880742983, 0.8134760973558472
82.33776516763096, 0.09350889998299287
82.33966327017657, 0.0845156683257917
82.34309896666512, 0.09248233599050867
86.8705863628404, 2.3322073244606476
86.89066793391662, 2.32835867416041
86.91850681558984, 2.3237152673274752
86.93966396225693, 2.323482400978525
86.9662622839891, 2.3223897719166775
86.9970980302371, 2.313439728744739
87.04163550609782, 2.313405044320483
87.06323492805453, 2.3189420814251758
87.07399015367605, 2.3054671661919195
87.07677454320722, 2.3155726668571552
87.13799975926824, 2.3201278647539154
87.1488292734078, 2.3026450106125265
87.1628124948959, 2.3148090714426783
87.16667824582161, 2.3313770766851953
87.1724524690342, 2.3289059409790074
87.19361040818151, 2.3183797759939058
87.19476512901424, 2.3113808849984774
87.20060892151679, 2.305558354603077
87.20229043069916, 2.3217000326524397
87.20973992678331, 2.31626586506579
87.21153368741004, 2.302884710764631
87.21898917420307, 2.3150722287712497
87.22391316158257, 2.3156715469536504
87.2362001596975, 2.3073377217905673
89.79146158495689, 7.117056266145035
89.79392531460945, 4.7177020048252185
89.8175817542371, 4.695820727897235
89.83456663643582, 4.711203847560102
89.85929797647549, 4.704629757170512
89.8640432504509, 7.125236359059894
89.8879303727476, 7.0922546103704605
89.88853241674255, 4.6762656361675345
89.9030581454242, 7.1232977910599935
89.93552813798321, 4.6750243181116975
89.94417891116198, 4.668187757691732
89.98336186907446, 7.116534419357839
89.98432383507134, 4.679915256007469
89.99601185089548, 4.666139145612979
